image_width: 1280
image_height: 720
camera_name: camera1

camera_matrix:
  rows: 3
  cols: 3
  data: [953.0883188386575, 0.0, 645.3028432017832, 0.0, 953.357334928368, 351.16524670692905, 0.0, 0.0, 1.0]

distortion_model: plumb_bob

distortion_coefficients:
  rows: 1
  cols: 5
  data: [0.03624842435968235, -0.15500567222234354, -0.00045677551928917316, 0.0013168766856115907, 0.0979958038398335]

rectification_matrix:
  rows: 3
  cols: 3
  data: [1, 0, 0, 0, 1, 0, 0, 0, 1]

projection_matrix:
  rows: 3
  cols: 4
  data: [953.0883188386575, 0.0, 645.3028432017832, 0.0, 0.0, 953.357334928368, 351.16524670692905, 0.0, 0.0, 0.0, 1.0, 0.0]
